% # columns="iteration, evaluation, sigma, axis ratio, bestever, best, median, worst objective function value, further objective values of best", seed=384594, Sat Feb 16 16:45:24 2019, <python>{}</python>
1 10 0.49487743958746494 1.0000450010125153 -0.9933065595716198 -9.9330655957161984e-01 -0.9907779265208984 -0.9727800089245873   
2 20 0.5000655064239927 1.2133460166517733 -0.9936040458128812 -9.9360404581288120e-01 -0.9933065595716198 -0.9927115870890971   
3 30 0.5585503341334672 1.3116058928364263 -0.9941990182954038 -9.9419901829540380e-01 -0.9934553026922505 -0.9924141008478358   
4 40 0.662147453306504 1.400626027344633 -0.9941990182954038 -9.9419901829540380e-01 -0.9940502751747732 -0.9939015320541424   
5 50 0.7097389433044473 1.5762315988539382 -0.9941990182954038 -9.9419901829540380e-01 -0.9941990182954038 -0.9940502751747732   
6 60 0.7481995596655456 1.5518897622832413 -0.9941990182954038 -9.9419901829540380e-01 -0.9941990182954038 -0.9937527889335118   
7 70 0.7800643486880785 1.6900823962789118 -0.9941990182954038 -9.9419901829540380e-01 -0.9941990182954038 -0.9941990182954038   
8 80 0.7864190296680785 1.7130287538255122 -0.9941990182954038 -9.9419901829540380e-01 -0.9941990182954038 -0.9939015320541424   
9 90 0.7392276242640743 1.798763082563298 -0.9941990182954038 -9.9419901829540380e-01 -0.9941990182954038 -0.9939015320541424   
10 100 0.6955409561678229 1.814245998180063 -0.9941990182954038 -9.9419901829540380e-01 -0.9941990182954038 -0.9939015320541424   
11 110 0.7419401122537647 1.7783140402460775 -0.9941990182954038 -9.9419901829540380e-01 -0.9941990182954038 -0.9941990182954038   
12 120 0.8026301466578476 1.826314238309552 -0.9943477614160345 -9.9434776141603454e-01 -0.9941990182954038 -0.9941990182954038   
13 130 0.8171819395141473 1.8947824389440375 -0.9943477614160345 -9.9434776141603454e-01 -0.9941990182954038 -0.9941990182954038   
14 140 0.7325365335474706 1.9515717622503075 -0.9943477614160345 -9.9419901829540380e-01 -0.9941990182954038 -0.9941990182954038   
15 150 0.7161786706681358 1.9357750048952518 -0.9943477614160345 -9.9419901829540380e-01 -0.9941990182954038 -0.9941990182954038   
16 160 0.7476112360286254 2.0666433874797203 -0.9943477614160345 -9.9419901829540380e-01 -0.9941990182954038 -0.9941990182954038   
17 170 0.8526084782801315 2.078047074037194 -0.9943477614160345 -9.9434776141603454e-01 -0.9941990182954038 -0.9941990182954038   
18 180 1.027290357907871 2.194084987606434 -0.9943477614160345 -9.9434776141603454e-01 -0.9943477614160345 -0.9941990182954038   
19 190 1.16660976904246 2.2331527822554773 -0.9943477614160345 -9.9434776141603454e-01 -0.9943477614160345 -0.9941990182954038   
20 200 1.275794210406806 2.3630805721390686 -0.9943477614160345 -9.9434776141603454e-01 -0.9943477614160345 -0.9943477614160345   
21 210 1.3358208855980191 2.363758592220776 -0.9943477614160345 -9.9434776141603454e-01 -0.9943477614160345 -0.9943477614160345   
22 220 1.2782504912274966 2.428034673543963 -0.9943477614160345 -9.9434776141603454e-01 -0.9943477614160345 -0.9941990182954038   
23 230 1.2820438698519299 2.398499496116786 -0.9943477614160345 -9.9434776141603454e-01 -0.9943477614160345 -0.9943477614160345   
24 240 1.2378236425646465 2.3178685593072554 -0.9943477614160345 -9.9434776141603454e-01 -0.9943477614160345 -0.9943477614160345   
25 250 1.3179024990206447 2.3363886585438984 -0.9943477614160345 -9.9434776141603454e-01 -0.9943477614160345 -0.9943477614160345   
26 260 1.36728983269198 2.330887112784911 -0.9943477614160345 -9.9434776141603454e-01 -0.9943477614160345 -0.9943477614160345   
27 270 1.3051564879970121 2.3589672483786215 -0.9943477614160345 -9.9434776141603454e-01 -0.9943477614160345 -0.9943477614160345   
28 280 1.2881530925368363 2.414273071896863 -0.9943477614160345 -9.9434776141603454e-01 -0.9943477614160345 -0.9943477614160345   
29 290 1.1635609815471268 2.5431507971552505 -0.9943477614160345 -9.9434776141603454e-01 -0.9943477614160345 -0.9943477614160345   
30 300 1.2264459732099584 2.573673800742376 -0.9943477614160345 -9.9434776141603454e-01 -0.9943477614160345 -0.9941990182954038   
31 310 1.303735810135475 2.6377747621253436 -0.9943477614160345 -9.9434776141603454e-01 -0.9943477614160345 -0.9943477614160345   
32 320 1.3477463962777998 2.722013683601271 -0.9943477614160345 -9.9434776141603454e-01 -0.9943477614160345 -0.9943477614160345   
33 330 1.4710717724250302 2.724202535514767 -0.9943477614160345 -9.9434776141603454e-01 -0.9943477614160345 -0.9943477614160345   
34 340 1.4890427039033027 2.7922186613611975 -0.9943477614160345 -9.9434776141603454e-01 -0.9943477614160345 -0.9943477614160345   
35 350 1.4988650101794192 2.6666607449241413 -0.9943477614160345 -9.9434776141603454e-01 -0.9943477614160345 -0.9941990182954038   
36 360 1.433465944035801 2.521512427788187 -0.9943477614160345 -9.9434776141603454e-01 -0.9943477614160345 -0.9941990182954038   
37 370 1.3905129883710365 2.553285143451552 -0.9943477614160345 -9.9434776141603454e-01 -0.9943477614160345 -0.9943477614160345   
38 380 1.342744840817018 2.573426939914753 -0.9943477614160345 -9.9434776141603454e-01 -0.9943477614160345 -0.9943477614160345   
39 390 1.2752261391758335 2.6527047366712133 -0.9943477614160345 -9.9434776141603454e-01 -0.9943477614160345 -0.9943477614160345   
40 400 1.2277623643534485 2.7145752613978984 -0.9943477614160345 -9.9434776141603454e-01 -0.9943477614160345 -0.9943477614160345   
41 410 1.1520187276277796 2.8230463912736057 -0.9943477614160345 -9.9434776141603454e-01 -0.9943477614160345 -0.9943477614160345   
42 420 1.1220272960907987 2.8946253915909543 -0.9943477614160345 -9.9434776141603454e-01 -0.9943477614160345 -0.9943477614160345   
43 430 1.078657456497907 2.9525264532283564 -0.9943477614160345 -9.9434776141603454e-01 -0.9943477614160345 -0.9943477614160345   
44 440 0.9943465085456108 2.806799666500017 -0.9943477614160345 -9.9434776141603454e-01 -0.9943477614160345 -0.9943477614160345   
45 450 0.9416690817201483 2.8492716764053636 -0.9943477614160345 -9.9434776141603454e-01 -0.9943477614160345 -0.9943477614160345   
46 460 0.9261724703044069 2.9157009048916187 -0.9943477614160345 -9.9434776141603454e-01 -0.9943477614160345 -0.9943477614160345   
47 470 0.8925418014348508 3.0598490343271534 -0.9943477614160345 -9.9434776141603454e-01 -0.9943477614160345 -0.9943477614160345   
48 480 0.8604002685826541 3.0514874153433555 -0.9943477614160345 -9.9434776141603454e-01 -0.9943477614160345 -0.9943477614160345   
49 490 0.8169855660743007 2.9907954159105596 -0.9943477614160345 -9.9434776141603454e-01 -0.9943477614160345 -0.9943477614160345   
50 500 0.814844654826337 3.057948532116389 -0.9943477614160345 -9.9434776141603454e-01 -0.9943477614160345 -0.9943477614160345   
51 510 0.808650789893162 3.0648252992100073 -0.9943477614160345 -9.9434776141603454e-01 -0.9943477614160345 -0.9943477614160345   
52 520 0.8375425827709015 2.9984235191998305 -0.9943477614160345 -9.9434776141603454e-01 -0.9943477614160345 -0.9943477614160345   
53 530 0.9410631715488806 3.172727272231375 -0.9943477614160345 -9.9434776141603454e-01 -0.9943477614160345 -0.9943477614160345   
54 540 0.8881609842948177 3.146404949270559 -0.9943477614160345 -9.9434776141603454e-01 -0.9943477614160345 -0.9943477614160345   
55 550 0.8407659181364833 3.081321215187653 -0.9943477614160345 -9.9434776141603454e-01 -0.9943477614160345 -0.9943477614160345   
56 560 0.8867279184201036 3.0845107312356004 -0.9943477614160345 -9.9434776141603454e-01 -0.9943477614160345 -0.9943477614160345   
