先是训练集，再是验证集，最后是测试集

=================LogisticRegression=================
             precision    recall  f1-score   support

          0     0.8654    0.0308    0.0594      1462
          1     0.6703    0.9921    0.8000      7962
          2     0.6432    0.5722    0.6056      5278
          3     0.6217    0.4505    0.5224      3283
          4     0.0000    0.0000    0.0000       893
          5     0.7904    0.7702    0.7802      1288

avg / total     0.6474    0.6662    0.6136     20166

             precision    recall  f1-score   support

          0     0.9375    0.0307    0.0595       488
          1     0.6764    0.9913    0.8042      2655
          2     0.6439    0.5850    0.6130      1759
          3     0.6338    0.4521    0.5277      1095
          4     0.0000    0.0000    0.0000       297
          5     0.7735    0.7879    0.7806       429

avg / total     0.6562    0.6707    0.6181      6723

             precision    recall  f1-score   support

          0     0.9333    0.0574    0.1081       488
          1     0.6672    0.9951    0.7988      2655
          2     0.6628    0.5517    0.6022      1760
          3     0.6360    0.4808    0.5476      1094
          4     0.0000    0.0000    0.0000       297
          5     0.7818    0.8019    0.7917       429

avg / total     0.6581    0.6710    0.6206      6723

=================LinearDiscriminantAnalysis=================
             precision    recall  f1-score   support

          0     0.0000    0.0000    0.0000      1462
          1     0.5995    0.9990    0.7494      7962
          2     0.5908    0.3808    0.4631      5278
          3     0.6896    0.5062    0.5839      3283
          4     0.5030    0.2833    0.3625       893
          5     0.9863    0.4457    0.6139      1288

avg / total     0.5889    0.6175    0.5674     20166

             precision    recall  f1-score   support

          0     0.0000    0.0000    0.0000       488
          1     0.6000    0.9985    0.7496      2655
          2     0.5918    0.3849    0.4664      1759
          3     0.7011    0.5142    0.5933      1095
          4     0.5031    0.2694    0.3509       297
          5     0.9848    0.4545    0.6220       429

avg / total     0.5911    0.6197    0.5699      6723

             precision    recall  f1-score   support

          0     0.0000    0.0000    0.0000       488
          1     0.6016    0.9992    0.7510      2655
          2     0.6036    0.3858    0.4707      1760
          3     0.7075    0.5283    0.6049      1094
          4     0.5361    0.2997    0.3844       297
          5     0.9902    0.4732    0.6404       429

avg / total     0.5976    0.6250    0.5761      6723

=================SVC=================
             precision    recall  f1-score   support

          0     0.8607    0.6464    0.7383      1462
          1     0.8850    0.9362    0.9099      7962
          2     0.8812    0.8920    0.8865      5278
          3     0.9375    0.9007    0.9188      3283
          4     0.8914    0.8735    0.8824       893
          5     0.9686    0.9573    0.9629      1288

avg / total     0.8964    0.8964    0.8949     20166

             precision    recall  f1-score   support

          0     0.8509    0.6434    0.7328       488
          1     0.8802    0.9322    0.9054      2655
          2     0.8760    0.8874    0.8817      1759
          3     0.9239    0.8977    0.9106      1095
          4     0.8826    0.7845    0.8307       297
          5     0.9421    0.9487    0.9454       429

avg / total     0.8881    0.8884    0.8868      6723

             precision    recall  f1-score   support

          0     0.7970    0.6516    0.7170       488
          1     0.8790    0.9333    0.9054      2655
          2     0.9012    0.8761    0.8885      1760
          3     0.9366    0.9177    0.9271      1094
          4     0.9253    0.8754    0.8997       297
          5     0.9546    0.9814    0.9678       429

avg / total     0.8951    0.8959    0.8945      6723

=================DecisionTreeClassifier=================
             precision    recall  f1-score   support

          0     1.0000    1.0000    1.0000      1462
          1     1.0000    1.0000    1.0000      7962
          2     1.0000    1.0000    1.0000      5278
          3     1.0000    1.0000    1.0000      3283
          4     1.0000    1.0000    1.0000       893
          5     1.0000    1.0000    1.0000      1288

avg / total     1.0000    1.0000    1.0000     20166

             precision    recall  f1-score   support

          0     0.9817    0.9898    0.9857       488
          1     0.9898    0.9898    0.9898      2655
          2     0.9858    0.9852    0.9855      1759
          3     0.9926    0.9845    0.9885      1095
          4     0.9702    0.9865    0.9783       297
          5     0.9884    0.9907    0.9895       429

avg / total     0.9877    0.9877    0.9877      6723

             precision    recall  f1-score   support

          0     0.8961    0.9898    0.9406       488
          1     0.9874    0.9714    0.9793      2655
          2     0.9800    0.9722    0.9760      1760
          3     0.9742    0.9671    0.9706      1094
          4     0.9254    0.9192    0.9223       297
          5     0.9528    0.9883    0.9703       429

avg / total     0.9717    0.9710    0.9711      6723

=================ExtraTreeClassifier=================
             precision    recall  f1-score   support

          0     1.0000    1.0000    1.0000      1462
          1     1.0000    1.0000    1.0000      7962
          2     1.0000    1.0000    1.0000      5278
          3     1.0000    1.0000    1.0000      3283
          4     1.0000    1.0000    1.0000       893
          5     1.0000    1.0000    1.0000      1288

avg / total     1.0000    1.0000    1.0000     20166

             precision    recall  f1-score   support

          0     0.8569    0.9078    0.8816       488
          1     0.9603    0.9469    0.9535      2655
          2     0.9164    0.9227    0.9195      1759
          3     0.8661    0.8858    0.8758      1095
          4     0.7055    0.6532    0.6783       297
          5     0.8815    0.8671    0.8743       429

avg / total     0.9097    0.9097    0.9096      6723

             precision    recall  f1-score   support

          0     0.8085    0.8996    0.8516       488
          1     0.9549    0.9341    0.9444      2655
          2     0.9118    0.9102    0.9110      1760
          3     0.8532    0.8656    0.8593      1094
          4     0.7115    0.7306    0.7209       297
          5     0.9197    0.8811    0.9000       429

avg / total     0.9034    0.9018    0.9024      6723

=================GaussianNB=================
             precision    recall  f1-score   support

          0     0.8407    0.7832    0.8109      1462
          1     0.8573    0.9094    0.8826      7962
          2     0.7624    0.8230    0.7915      5278
          3     0.7706    0.6957    0.7312      3283
          4     0.6671    0.6013    0.6325       893
          5     0.9787    0.6770    0.8004      1288

avg / total     0.8165    0.8144    0.8126     20166

             precision    recall  f1-score   support

          0     0.8256    0.8053    0.8154       488
          1     0.8606    0.9047    0.8821      2655
          2     0.7600    0.8192    0.7885      1759
          3     0.7755    0.7005    0.7361      1095
          4     0.6448    0.5623    0.6007       297
          5     0.9808    0.7133    0.8259       429

avg / total     0.8160    0.8145    0.8130      6723

             precision    recall  f1-score   support

          0     0.7886    0.7951    0.7918       488
          1     0.8657    0.9081    0.8864      2655
          2     0.7909    0.8403    0.8149      1760
          3     0.7816    0.7130    0.7457      1094
          4     0.6560    0.5522    0.5996       297
          5     0.9695    0.7413    0.8402       429

avg / total     0.8242    0.8240    0.8223      6723

=================KNeighborsClassifier=================
             precision    recall  f1-score   support

          0     0.8741    0.8406    0.8570      1462
          1     0.9355    0.9651    0.9500      7962
          2     0.9457    0.9343    0.9400      5278
          3     0.9520    0.9421    0.9470      3283
          4     0.9208    0.8589    0.8888       893
          5     0.9776    0.9488    0.9630      1288

avg / total     0.9384    0.9385    0.9383     20166

             precision    recall  f1-score   support

          0     0.7908    0.7746    0.7826       488
          1     0.8996    0.9348    0.9169      2655
          2     0.9013    0.8931    0.8972      1759
          3     0.9092    0.8868    0.8978      1095
          4     0.7879    0.7003    0.7415       297
          5     0.9440    0.9044    0.9238       429

avg / total     0.8916    0.8922    0.8916      6723

             precision    recall  f1-score   support

          0     0.7530    0.7684    0.7606       488
          1     0.9016    0.9315    0.9163      2655
          2     0.9135    0.8875    0.9003      1760
          3     0.9245    0.8958    0.9099      1094
          4     0.8467    0.8182    0.8322       297
          5     0.9482    0.9394    0.9438       429

avg / total     0.8982    0.8978    0.8978      6723

=================RandomForestClassifier=================
             precision    recall  f1-score   support

          0     0.9993    0.9966    0.9979      1462
          1     0.9990    0.9997    0.9994      7962
          2     0.9989    0.9994    0.9991      5278
          3     0.9997    0.9985    0.9991      3283
          4     0.9989    0.9966    0.9978       893
          5     0.9984    0.9992    0.9988      1288

avg / total     0.9991    0.9991    0.9991     20166

             precision    recall  f1-score   support

          0     0.9898    0.9918    0.9908       488
          1     0.9966    0.9951    0.9959      2655
          2     0.9938    0.9955    0.9946      1759
          3     0.9945    0.9927    0.9936      1095
          4     0.9865    0.9865    0.9865       297
          5     0.9884    0.9930    0.9907       429

avg / total     0.9941    0.9941    0.9941      6723

             precision    recall  f1-score   support

          0     0.9065    0.9939    0.9482       488
          1     0.9927    0.9755    0.9840      2655
          2     0.9835    0.9801    0.9818      1760
          3     0.9779    0.9698    0.9738      1094
          4     0.9295    0.9327    0.9311       297
          5     0.9593    0.9883    0.9736       429

avg / total     0.9767    0.9761    0.9762      6723

[ 2019-02-25 20:33:02,139][cascade_classifier.transform] X_groups_test.shape=[(20166, 4)]
[ 2019-02-25 20:33:02,142][cascade_classifier.transform] group_dims=[4]
[ 2019-02-25 20:33:02,143][cascade_classifier.transform] X_test.shape=(20166, 4)
[ 2019-02-25 20:33:02,146][cascade_classifier.transform] [layer=0] look_indexs=[0], X_cur_test.shape=(20166, 4)

=================ExtraTreesClassifier=================
             precision    recall  f1-score   support

          0     1.0000    1.0000    1.0000      1462
          1     1.0000    1.0000    1.0000      7962
          2     1.0000    1.0000    1.0000      5278
          3     1.0000    1.0000    1.0000      3283
          4     1.0000    1.0000    1.0000       893
          5     1.0000    1.0000    1.0000      1288

avg / total     1.0000    1.0000    1.0000     20166

             precision    recall  f1-score   support

          0     0.9619    0.9836    0.9726       488
          1     0.9835    0.9864    0.9850      2655
          2     0.9717    0.9756    0.9736      1759
          3     0.9697    0.9635    0.9666      1095
          4     0.9321    0.8788    0.9047       297
          5     0.9672    0.9627    0.9650       429

avg / total     0.9733    0.9734    0.9733      6723

             precision    recall  f1-score   support

          0     0.8905    0.9836    0.9348       488
          1     0.9803    0.9721    0.9762      2655
          2     0.9710    0.9528    0.9619      1760
          3     0.9506    0.9497    0.9502      1094
          4     0.9189    0.9158    0.9174       297
          5     0.9701    0.9837    0.9769       429

avg / total     0.9631    0.9625    0.9626      6723

[ 2019-02-25 20:33:02,607][cascade_classifier.transform] [layer=1] look_indexs=[0], X_cur_test.shape=(20166, 52)
[ 2019-02-25 20:33:03,323][cascade_classifier.transform] X_groups_test.shape=[(6723, 4)]
[ 2019-02-25 20:33:03,324][cascade_classifier.transform] group_dims=[4]
[ 2019-02-25 20:33:03,325][cascade_classifier.transform] X_test.shape=(6723, 4)
[ 2019-02-25 20:33:03,326][cascade_classifier.transform] [layer=0] look_indexs=[0], X_cur_test.shape=(6723, 4)
[ 2019-02-25 20:33:03,491][cascade_classifier.transform] [layer=1] look_indexs=[0], X_cur_test.shape=(6723, 52)
[ 2019-02-25 20:33:03,671][cascade_classifier.transform] X_groups_test.shape=[(6723, 4)]
[ 2019-02-25 20:33:03,672][cascade_classifier.transform] group_dims=[4]
[ 2019-02-25 20:33:03,673][cascade_classifier.transform] X_test.shape=(6723, 4)
[ 2019-02-25 20:33:03,674][cascade_classifier.transform] [layer=0] look_indexs=[0], X_cur_test.shape=(6723, 4)
[ 2019-02-25 20:33:03,832][cascade_classifier.transform] [layer=1] look_indexs=[0], X_cur_test.shape=(6723, 52)
[ 2019-02-25 20:33:04,006][cascade_classifier.transform] X_groups_test.shape=[(20166, 4)]
[ 2019-02-25 20:33:04,007][cascade_classifier.transform] group_dims=[4]
[ 2019-02-25 20:33:04,008][cascade_classifier.transform] X_test.shape=(20166, 4)
[ 2019-02-25 20:33:04,010][cascade_classifier.transform] [layer=0] look_indexs=[0], X_cur_test.shape=(20166, 4)
[ 2019-02-25 20:33:04,410][cascade_classifier.transform] [layer=1] look_indexs=[0], X_cur_test.shape=(20166, 52)
[ 2019-02-25 20:33:04,882][cascade_classifier.transform] X_groups_test.shape=[(6723, 4)]
[ 2019-02-25 20:33:04,883][cascade_classifier.transform] group_dims=[4]
[ 2019-02-25 20:33:04,884][cascade_classifier.transform] X_test.shape=(6723, 4)
[ 2019-02-25 20:33:04,885][cascade_classifier.transform] [layer=0] look_indexs=[0], X_cur_test.shape=(6723, 4)
[ 2019-02-25 20:33:05,036][cascade_classifier.transform] [layer=1] look_indexs=[0], X_cur_test.shape=(6723, 52)
[ 2019-02-25 20:33:05,308][cascade_classifier.transform] X_groups_test.shape=[(6723, 4)]
[ 2019-02-25 20:33:05,310][cascade_classifier.transform] group_dims=[4]
[ 2019-02-25 20:33:05,310][cascade_classifier.transform] X_test.shape=(6723, 4)
[ 2019-02-25 20:33:05,312][cascade_classifier.transform] [layer=0] look_indexs=[0], X_cur_test.shape=(6723, 4)
[ 2019-02-25 20:33:05,494][cascade_classifier.transform] [layer=1] look_indexs=[0], X_cur_test.shape=(6723, 52)

=================GCForest=================
             precision    recall  f1-score   support

          0     0.9979    0.9952    0.9966      1462
          1     0.9987    0.9990    0.9989      7962
          2     0.9991    0.9989    0.9990      5278
          3     0.9982    1.0000    0.9991      3283
          4     0.9978    0.9966    0.9972       893
          5     0.9992    0.9977    0.9984      1288

avg / total     0.9987    0.9987    0.9987     20166

             precision    recall  f1-score   support

          0     0.9898    0.9939    0.9918       488
          1     0.9970    0.9951    0.9960      2655
          2     0.9938    0.9955    0.9946      1759
          3     0.9945    0.9927    0.9936      1095
          4     0.9833    0.9933    0.9883       297
          5     0.9930    0.9907    0.9918       429

avg / total     0.9944    0.9943    0.9943      6723

             precision    recall  f1-score   support

          0     0.9082    0.9939    0.9491       488
          1     0.9923    0.9759    0.9840      2655
          2     0.9835    0.9795    0.9815      1760
          3     0.9779    0.9698    0.9738      1094
          4     0.9327    0.9327    0.9327       297
          5     0.9594    0.9907    0.9748       429

avg / total     0.9768    0.9762    0.9763      6723

=================CMAES=================
             precision    recall  f1-score   support

          0     1.0000    0.9966    0.9983      1462
          1     0.9992    0.9999    0.9996      7962
          2     0.9998    0.9996    0.9997      5278
          3     0.9994    1.0000    0.9997      3283
          4     1.0000    0.9989    0.9994       893
          5     1.0000    1.0000    1.0000      1288

avg / total     0.9996    0.9996    0.9996     20166

             precision    recall  f1-score   support

          0     0.9898    0.9939    0.9918       488
          1     0.9970    0.9951    0.9960      2655
          2     0.9938    0.9955    0.9946      1759
          3     0.9945    0.9927    0.9936      1095
          4     0.9833    0.9933    0.9883       297
          5     0.9930    0.9907    0.9918       429

avg / total     0.9944    0.9943    0.9943      6723

             precision    recall  f1-score   support

          0     0.9082    0.9939    0.9491       488
          1     0.9923    0.9759    0.9840      2655
          2     0.9835    0.9795    0.9815      1760
          3     0.9779    0.9698    0.9738      1094
          4     0.9327    0.9327    0.9327       297
          5     0.9594    0.9907    0.9748       429

avg / total     0.9768    0.9762    0.9763      6723

